10396000
12010000
12013500
12020000
12020525
12020800
12021800
12024000
12024400
12025000
12025700
12026150
12026400
12027500
12031000
12035000
12035400
12036000
12037400
12039005
12039500
1203951610
12040500
12041200
12042800
12043000
12043163
12043300
12045500
12048000
12052210
12054000
12056500
12058790
12059500
12060500
12061500
12073500
12076800
12079000
12080010
12082500
12083000
12086500
12087000
12088000
12089208
12089500
12090400
12090500
12091100
12091200
12091290
12091500
12092000
12093500
12094000
12095000
12096500
12096505
12096865
12097500
12097820
12097850
12098920
12099200
12099600
12100490
12101100
12101470
12101500
12102190
12105900
12106700
12112600
12113000
12113150
12113344
12113346
12113347
12113349
12114500
12115000
12115500
12115700
12116100
12116400
12116500
12117000
12117500
12117600
12118400
12119000
12120600
12121600
12131500
12134500
12135000
12137290
12137800
12138160
12141300
12142000
12143400
12143600
12143700
12143900
12144000
12144500
12145500
12147470
12147600
12147680
12148000
12148300
12148500
12149000
12150800
12155300
12157250
12158010
12158032
12158040
12167000
12172000
12173500
12175500
12178000
12178100
12179900
12180500
12181000
12182500
12186000
12187985
12189500
12190400
12193400
12194000
12200500
12201500
12201700
12201950
12201960
12202300
12202310
12202400
12202450
12204010
12205000
12208000
12209490
12210000
12210700
12210900
12211200
12211500
12212050
12212430
12213100
12214500
12301250
12301933
12302055
12304500
12305000
12306500
12308000
12321500
12322000
12322001
12323233
12323242
12323250
12323600
12323670
12323700
12323710
12323720
12323750
12323760
12323770
12323800
12323840
12323850
12324200
12324400
12324590
12324680
12325500
12329500
12330000
12331500
12331800
12332000
12334510
12334550
12335100
12338300
12340000
12340500
12342500
12344000
12350250
12352500
12353000
12354000
12354500
12355500
12358500
12359800
12362500
12363000
12363500
12365700
12366000
12370000
12372000
12377150
12381400
12388700
12389000
12389500
12390700
12391950
12392155
12392300
12393501
12395000
12395500
12396500
12399500
12401500
12404500
12409000
12411000
12413000
12413125
12413130
12413131
12413210
12413355
12413470
12413500
12413860
12413875
12414500
12414900
12415135
12417650
12419000
12422000
12422500
12422990
12424000
12426000
12431000
12431500
12433200
12434590
12438905
12439500
12442500
12444290
12444550
12445000
12445500
12445900
12446150
12446400
12446995
12447200
12447285
12447383
12447390
12448000
12448500
12448998
12449500
12449950
12451000
12452550
12452800
12452890
12452990
12456500
12457000
12458000
12459000
12462500
12464800
12465000
12465400
12467000
12472600
12472800
12484500
12488500
12500450
12502500
12505450
12506000
12508990
12510500
13010065
13011000
13011500
13011900
13013650
13014500
13015000
13016305
13016450
13018300
13018350
13018750
13019500
13022500
13023000
13025500
13027500
13032500
13037500
13038000
13038500
13039500
13042500
13046000
13046995
13047500
13047600
13049500
13050500
13052200
13055000
13055250
13055340
13056500
13057000
13057132
13057155
13057300
13057940
13058000
13058510
13058520
13058529
13058530
13060000
13062500
13063000
13066000
13068300
13068495
13068500
13068501
13069500
13071010
13072400
13073000
13074400
13074810
13075000
13075500
13075910
13075983
13077000
13078000
13079300
13081500
13082500
13087995
13089500
13090500
13092747
13093383
13094000
13105000
13108150
13112000
13116500
13118700
13118975
13119000
13120000
13120500
13122000
13124265
13127000
13128900
13130300
13131000
13132100
13132373
13132500
13132513
13132520
13132535
13132565
13135500
13135520
13136550
13137300
13137500
13138000
13139510
13140335
13140800
13141500
13142500
13147900
13148500
13150430
13152500
13154500
13159800
13161500
13161930
13162050
13162225
13164600
13168500
13169400
13169420
13169800
13172500
13174500
13175100
13176195
13176305
13176400
13177845
13181000
13183000
13185000
13186000
13190500
13200000
13206000
13206305
13206400
13210045
13210810
13210824
13210831
13210980
13210986
132109867
13211205
13212549
13212890
13213000
13213072
13213100
13215480
13233300
13235000
13236500
13237920
13239000
13240000
13246000
13247500
13249500
13250000
13251000
13258500
13265500
13266000
13269000
13295000
13296000
13296500
13297330
13297355
13297380
13302005
13302500
13304050
13304700
13305000
13305310
13306370
13306385
13307000
13309220
13310199
13310700
13311000
13311250
13311450
13313000
13316500
13317000
13317660
13325000
13331500
13333000
13334300
13335050
13336500
13337000
13337095
13338500
13338950
13339500
13340000
13340600
13341050
13341140
13341570
13342450
13342500
13344500
13345000
13346800
13348000
13351000
14013000
14013500
14013700
14015000
14015350
14018500
14020000
14020300
14020850
14033500
14034470
14034500
14034608
14036860
14038530
14043840
14044000
14046000
14046500
14046778
14048000
14070615
14070621
14070624
14070900
14076500
14078260
14087380
14087400
14091500
14092500
14092750
14096850
14097100
14101500
14103000
14105700
14107000
14111400
14113000
14113200
14120000
14123500
14137000
14138720
14138800
14138850
14138870
14138900
14139800
14140000
14141500
14142500
14142800
14144700
14145500
14148000
14150000
14150800
14151000
14152000
14152500
14153500
14154500
14155500
14157500
14158500
14158740
14158790
14158798
14158850
14159200
14159500
14161500
14162050
14162200
14162450
14162500
14163000
14163150
14163900
14164550
14164700
14164900
14165000
14165500
14166000
14166500
14169000
14170000
14171000
14171600
14173500
14174000
14178000
14179000
14180300
14181500
14182500
14183000
14184100
14185000
14185900
14187000
14187200
14187500
14187600
14188610
14188800
14189000
14190500
14191000
14194150
14197900
14198400
14199704
14200000
14201340
14201500
14202000
14202650
14203500
14205350
14206241
14206752
14206900
14206950
14207500
14208700
14209000
14209250
14209500
14210000
14211010
14211315
14211400
14211499
14211500
14211542
14211550
14211720
14211814
14211820
14216000
14216500
14219000
14219800
14220500
14222500
14226500
14231000
14231900
14233500
14236200
14238000
14240525
14242580
14243000
14246900
14299800
14301000
14301500
14302480
14302900
14303200
14303600
14305500
14306340
14306500
14307620
14308000
14308500
14308990
14309000
14309500
14310000
14312000
14313200
14313700
14314500
14314700
14315500
14315700
14315950
14316455
14316495
14316500
14316700
14317600
14319500
14320934
14321000
14325000
14326300
14327000
14327150
14330000
14332000
14335072
14337500
14337600
14338000
14339000
14353000
14353500
14354200
14357500
14359000
14361500
14362000
14362250
14366000
14369500
14372300
14375100
14377100
14378200
14400000
